[cam_0]
name = "1"
size = [ 816, 616,]
matrix = [ [ 30634.222201753146, 0.0, 407.5,], [ 0.0, 30634.222201753146, 307.5,], [ 0.0, 0.0, 1.0,],]
distortions = [ 2.229083923857693, 0.0, 0.0, 0.0, 0.0,]
rotation = [ -0.0027355153550243727, -0.011689458703002236, -0.012187727090866672,]
translation = [ 1.2559290510163452, -0.48362658090748945, 27.890224289001676,]

[cam_1]
name = "2"
size = [ 816, 616,]
matrix = [ [ 38841.598280100916, 0.0, 407.5,], [ 0.0, 38841.598280100916, 307.5,], [ 0.0, 0.0, 1.0,],]
distortions = [ 99.36257175683446, 0.0, 0.0, 0.0, 0.0,]
rotation = [ 0.8519435670224468, 0.8790297083068702, -0.27848447958256894,]
translation = [ -105.48604002409728, 139.63460385987182, 213.08600651403447,]

[cam_2]
name = "3"
size = [ 816, 616,]
matrix = [ [ 65574.02291320256, 0.0, 407.5,], [ 0.0, 65574.02291320256, 307.5,], [ 0.0, 0.0, 1.0,],]
distortions = [ 185.49444206149667, 0.0, 0.0, 0.0, 0.0,]
rotation = [ -0.003046582828758883, 1.1271942937872175, -1.014216895537713,]
translation = [ -138.4410721573925, 88.0602030983811, 393.2011916363772,]

[cam_3]
name = "4"
size = [ 816, 616,]
matrix = [ [ 24044.6479969741, 0.0, 407.5,], [ 0.0, 24044.6479969741, 307.5,], [ 0.0, 0.0, 1.0,],]
distortions = [ 18.018079779411533, 0.0, 0.0, 0.0, 0.0,]
rotation = [ 0.033766788565538504, 0.6215683967685264, -0.5741972820528328,]
translation = [ -101.61313647262689, 37.598388295909714, 22.393232141993114,]

[cam_4]
name = "5"
size = [ 816, 616,]
matrix = [ [ 25253.08250566849, 0.0, 407.5,], [ 0.0, 25253.08250566849, 307.5,], [ 0.0, 0.0, 1.0,],]
distortions = [ 15.970838870999462, 0.0, 0.0, 0.0, 0.0,]
rotation = [ 0.5994811610754737, 2.0323797436041358, -0.5537295301363667,]
translation = [ -119.84094892163148, 110.33417917753165, 272.3415131203943,]

[cam_5]
name = "6"
size = [ 816, 616,]
matrix = [ [ 19944.379448178068, 0.0, 407.5,], [ 0.0, 19944.379448178068, 307.5,], [ 0.0, 0.0, 1.0,],]
distortions = [ 39.37221554112933, 0.0, 0.0, 0.0, 0.0,]
rotation = [ 0.9211867615758116, -0.27139375658316883, 0.08854385981846241,]
translation = [ 34.842261073941316, 148.08395984734182, 26.097238190535272,]

[metadata]
adjusted = false
error = 0.31718051420251314
